Train_Stats:[0]:[0]: 
Cumulative_Iterations: 0 Apples: 0 Fails: 0 Performance_(Apples/Fails): 0 
Train_Stats:[0, 100]:[0, 0.25]: 
Cumulative_Iterations: 100 Apples: 11 Fails: 44 Performance_(Apples/Fails): 0.25 
Train_Stats:[0, 100, 300]:[0, 0.25, 0.16883116883116883]: 
Cumulative_Iterations: 200 Apples: 13 Fails: 77 Performance_(Apples/Fails): 0.16883116883116883 
Train_Stats:[0, 100, 300, 600]:[0, 0.25, 0.16883116883116883, 0.21495327102803738]: 
Cumulative_Iterations: 300 Apples: 23 Fails: 107 Performance_(Apples/Fails): 0.21495327102803738 
Train_Stats:[0, 100, 300, 600, 1000]:[0, 0.25, 0.16883116883116883, 0.21495327102803738, 0.2740740740740741]: 
Cumulative_Iterations: 400 Apples: 37 Fails: 135 Performance_(Apples/Fails): 0.2740740740740741 
Train_Stats:[0, 100, 300, 600, 1000, 1500]:[0, 0.25, 0.16883116883116883, 0.21495327102803738, 0.2740740740740741, 0.3221476510067114]: 
Cumulative_Iterations: 500 Apples: 48 Fails: 149 Performance_(Apples/Fails): 0.3221476510067114 
Train_Stats:[0, 100, 300, 600, 1000, 1500, 2100]:[0, 0.25, 0.16883116883116883, 0.21495327102803738, 0.2740740740740741, 0.3221476510067114, 0.40993788819875776]: 
Cumulative_Iterations: 600 Apples: 66 Fails: 161 Performance_(Apples/Fails): 0.40993788819875776 
Train_Stats:[0, 100, 300, 600, 1000, 1500, 2100, 2800]:[0, 0.25, 0.16883116883116883, 0.21495327102803738, 0.2740740740740741, 0.3221476510067114, 0.40993788819875776, 0.47701149425287354]: 
Cumulative_Iterations: 700 Apples: 83 Fails: 174 Performance_(Apples/Fails): 0.47701149425287354 
Train_Stats:[0, 100, 300, 600, 1000, 1500, 2100, 2800, 3600]:[0, 0.25, 0.16883116883116883, 0.21495327102803738, 0.2740740740740741, 0.3221476510067114, 0.40993788819875776, 0.47701149425287354, 0.5459459459459459]: 
Cumulative_Iterations: 800 Apples: 101 Fails: 185 Performance_(Apples/Fails): 0.5459459459459459 
Train_Stats:[0, 100, 300, 600, 1000, 1500, 2100, 2800, 3600, 4500]:[0, 0.25, 0.16883116883116883, 0.21495327102803738, 0.2740740740740741, 0.3221476510067114, 0.40993788819875776, 0.47701149425287354, 0.5459459459459459, 0.6173469387755102]: 
Cumulative_Iterations: 900 Apples: 121 Fails: 196 Performance_(Apples/Fails): 0.6173469387755102 
Train_Stats:[0, 100, 300, 600, 1000, 1500, 2100, 2800, 3600, 4500, 5500]:[0, 0.25, 0.16883116883116883, 0.21495327102803738, 0.2740740740740741, 0.3221476510067114, 0.40993788819875776, 0.47701149425287354, 0.5459459459459459, 0.6173469387755102, 0.7009803921568627]: 
Cumulative_Iterations: 1000 Apples: 143 Fails: 204 Performance_(Apples/Fails): 0.7009803921568627 
Train_Stats:[0, 100, 300, 600, 1000, 1500, 2100, 2800, 3600, 4500, 5500, 6600]:[0, 0.25, 0.16883116883116883, 0.21495327102803738, 0.2740740740740741, 0.3221476510067114, 0.40993788819875776, 0.47701149425287354, 0.5459459459459459, 0.6173469387755102, 0.7009803921568627, 0.7971014492753623]: 
Cumulative_Iterations: 1100 Apples: 165 Fails: 207 Performance_(Apples/Fails): 0.7971014492753623 
Train_Stats:[0, 100, 300, 600, 1000, 1500, 2100, 2800, 3600, 4500, 5500, 6600, 7800]:[0, 0.25, 0.16883116883116883, 0.21495327102803738, 0.2740740740740741, 0.3221476510067114, 0.40993788819875776, 0.47701149425287354, 0.5459459459459459, 0.6173469387755102, 0.7009803921568627, 0.7971014492753623, 0.8962264150943396]: 
Cumulative_Iterations: 1200 Apples: 190 Fails: 212 Performance_(Apples/Fails): 0.8962264150943396 
Train_Stats:[0, 100, 300, 600, 1000, 1500, 2100, 2800, 3600, 4500, 5500, 6600, 7800, 9100]:[0, 0.25, 0.16883116883116883, 0.21495327102803738, 0.2740740740740741, 0.3221476510067114, 0.40993788819875776, 0.47701149425287354, 0.5459459459459459, 0.6173469387755102, 0.7009803921568627, 0.7971014492753623, 0.8962264150943396, 0.9907407407407407]: 
Cumulative_Iterations: 1300 Apples: 214 Fails: 216 Performance_(Apples/Fails): 0.9907407407407407 
Train_Stats:[0, 100, 300, 600, 1000, 1500, 2100, 2800, 3600, 4500, 5500, 6600, 7800, 9100, 10500]:[0, 0.25, 0.16883116883116883, 0.21495327102803738, 0.2740740740740741, 0.3221476510067114, 0.40993788819875776, 0.47701149425287354, 0.5459459459459459, 0.6173469387755102, 0.7009803921568627, 0.7971014492753623, 0.8962264150943396, 0.9907407407407407, 1.1026785714285714]: 
Cumulative_Iterations: 1400 Apples: 247 Fails: 224 Performance_(Apples/Fails): 1.1026785714285714 
Train_Stats:[0, 100, 300, 600, 1000, 1500, 2100, 2800, 3600, 4500, 5500, 6600, 7800, 9100, 10500, 12000]:[0, 0.25, 0.16883116883116883, 0.21495327102803738, 0.2740740740740741, 0.3221476510067114, 0.40993788819875776, 0.47701149425287354, 0.5459459459459459, 0.6173469387755102, 0.7009803921568627, 0.7971014492753623, 0.8962264150943396, 0.9907407407407407, 1.1026785714285714, 1.2236842105263157]: 
Cumulative_Iterations: 1500 Apples: 279 Fails: 228 Performance_(Apples/Fails): 1.2236842105263157 
Train_Stats:[0, 100, 300, 600, 1000, 1500, 2100, 2800, 3600, 4500, 5500, 6600, 7800, 9100, 10500, 12000, 13600]:[0, 0.25, 0.16883116883116883, 0.21495327102803738, 0.2740740740740741, 0.3221476510067114, 0.40993788819875776, 0.47701149425287354, 0.5459459459459459, 0.6173469387755102, 0.7009803921568627, 0.7971014492753623, 0.8962264150943396, 0.9907407407407407, 1.1026785714285714, 1.2236842105263157, 1.2966101694915255]: 
Cumulative_Iterations: 1600 Apples: 306 Fails: 236 Performance_(Apples/Fails): 1.2966101694915255 
Train_Stats:[0, 100, 300, 600, 1000, 1500, 2100, 2800, 3600, 4500, 5500, 6600, 7800, 9100, 10500, 12000, 13600, 15300]:[0, 0.25, 0.16883116883116883, 0.21495327102803738, 0.2740740740740741, 0.3221476510067114, 0.40993788819875776, 0.47701149425287354, 0.5459459459459459, 0.6173469387755102, 0.7009803921568627, 0.7971014492753623, 0.8962264150943396, 0.9907407407407407, 1.1026785714285714, 1.2236842105263157, 1.2966101694915255, 1.374485596707819]: 
Cumulative_Iterations: 1700 Apples: 334 Fails: 243 Performance_(Apples/Fails): 1.374485596707819 
Train_Stats:[0, 100, 300, 600, 1000, 1500, 2100, 2800, 3600, 4500, 5500, 6600, 7800, 9100, 10500, 12000, 13600, 15300, 17100]:[0, 0.25, 0.16883116883116883, 0.21495327102803738, 0.2740740740740741, 0.3221476510067114, 0.40993788819875776, 0.47701149425287354, 0.5459459459459459, 0.6173469387755102, 0.7009803921568627, 0.7971014492753623, 0.8962264150943396, 0.9907407407407407, 1.1026785714285714, 1.2236842105263157, 1.2966101694915255, 1.374485596707819, 1.44]: 
Cumulative_Iterations: 1800 Apples: 360 Fails: 250 Performance_(Apples/Fails): 1.44 
Train_Stats:[0, 100, 300, 600, 1000, 1500, 2100, 2800, 3600, 4500, 5500, 6600, 7800, 9100, 10500, 12000, 13600, 15300, 17100, 19000]:[0, 0.25, 0.16883116883116883, 0.21495327102803738, 0.2740740740740741, 0.3221476510067114, 0.40993788819875776, 0.47701149425287354, 0.5459459459459459, 0.6173469387755102, 0.7009803921568627, 0.7971014492753623, 0.8962264150943396, 0.9907407407407407, 1.1026785714285714, 1.2236842105263157, 1.2966101694915255, 1.374485596707819, 1.44, 1.51953125]: 
Cumulative_Iterations: 1900 Apples: 389 Fails: 256 Performance_(Apples/Fails): 1.51953125 
Train_Stats:[0, 100, 300, 600, 1000, 1500, 2100, 2800, 3600, 4500, 5500, 6600, 7800, 9100, 10500, 12000, 13600, 15300, 17100, 19000, 21000]:[0, 0.25, 0.16883116883116883, 0.21495327102803738, 0.2740740740740741, 0.3221476510067114, 0.40993788819875776, 0.47701149425287354, 0.5459459459459459, 0.6173469387755102, 0.7009803921568627, 0.7971014492753623, 0.8962264150943396, 0.9907407407407407, 1.1026785714285714, 1.2236842105263157, 1.2966101694915255, 1.374485596707819, 1.44, 1.51953125, 1.5779467680608366]: 
Cumulative_Iterations: 2000 Apples: 415 Fails: 263 Performance_(Apples/Fails): 1.5779467680608366 
Train_Stats:[0, 100, 300, 600, 1000, 1500, 2100, 2800, 3600, 4500, 5500, 6600, 7800, 9100, 10500, 12000, 13600, 15300, 17100, 19000, 21000, 23100]:[0, 0.25, 0.16883116883116883, 0.21495327102803738, 0.2740740740740741, 0.3221476510067114, 0.40993788819875776, 0.47701149425287354, 0.5459459459459459, 0.6173469387755102, 0.7009803921568627, 0.7971014492753623, 0.8962264150943396, 0.9907407407407407, 1.1026785714285714, 1.2236842105263157, 1.2966101694915255, 1.374485596707819, 1.44, 1.51953125, 1.5779467680608366, 1.6394052044609666]: 
Cumulative_Iterations: 2100 Apples: 441 Fails: 269 Performance_(Apples/Fails): 1.6394052044609666 
Train_Stats:[0, 100, 300, 600, 1000, 1500, 2100, 2800, 3600, 4500, 5500, 6600, 7800, 9100, 10500, 12000, 13600, 15300, 17100, 19000, 21000, 23100, 25300]:[0, 0.25, 0.16883116883116883, 0.21495327102803738, 0.2740740740740741, 0.3221476510067114, 0.40993788819875776, 0.47701149425287354, 0.5459459459459459, 0.6173469387755102, 0.7009803921568627, 0.7971014492753623, 0.8962264150943396, 0.9907407407407407, 1.1026785714285714, 1.2236842105263157, 1.2966101694915255, 1.374485596707819, 1.44, 1.51953125, 1.5779467680608366, 1.6394052044609666, 1.701818181818182]: 
Cumulative_Iterations: 2200 Apples: 468 Fails: 275 Performance_(Apples/Fails): 1.701818181818182 
Train_Stats:[0, 100, 300, 600, 1000, 1500, 2100, 2800, 3600, 4500, 5500, 6600, 7800, 9100, 10500, 12000, 13600, 15300, 17100, 19000, 21000, 23100, 25300, 27600]:[0, 0.25, 0.16883116883116883, 0.21495327102803738, 0.2740740740740741, 0.3221476510067114, 0.40993788819875776, 0.47701149425287354, 0.5459459459459459, 0.6173469387755102, 0.7009803921568627, 0.7971014492753623, 0.8962264150943396, 0.9907407407407407, 1.1026785714285714, 1.2236842105263157, 1.2966101694915255, 1.374485596707819, 1.44, 1.51953125, 1.5779467680608366, 1.6394052044609666, 1.701818181818182, 1.7651245551601424]: 
Cumulative_Iterations: 2300 Apples: 496 Fails: 281 Performance_(Apples/Fails): 1.7651245551601424 
Train_Stats:[0, 100, 300, 600, 1000, 1500, 2100, 2800, 3600, 4500, 5500, 6600, 7800, 9100, 10500, 12000, 13600, 15300, 17100, 19000, 21000, 23100, 25300, 27600, 30000]:[0, 0.25, 0.16883116883116883, 0.21495327102803738, 0.2740740740740741, 0.3221476510067114, 0.40993788819875776, 0.47701149425287354, 0.5459459459459459, 0.6173469387755102, 0.7009803921568627, 0.7971014492753623, 0.8962264150943396, 0.9907407407407407, 1.1026785714285714, 1.2236842105263157, 1.2966101694915255, 1.374485596707819, 1.44, 1.51953125, 1.5779467680608366, 1.6394052044609666, 1.701818181818182, 1.7651245551601424, 1.8109965635738832]: 
Cumulative_Iterations: 2400 Apples: 527 Fails: 291 Performance_(Apples/Fails): 1.8109965635738832 
Train_Stats:[0, 100, 300, 600, 1000, 1500, 2100, 2800, 3600, 4500, 5500, 6600, 7800, 9100, 10500, 12000, 13600, 15300, 17100, 19000, 21000, 23100, 25300, 27600, 30000, 32500]:[0, 0.25, 0.16883116883116883, 0.21495327102803738, 0.2740740740740741, 0.3221476510067114, 0.40993788819875776, 0.47701149425287354, 0.5459459459459459, 0.6173469387755102, 0.7009803921568627, 0.7971014492753623, 0.8962264150943396, 0.9907407407407407, 1.1026785714285714, 1.2236842105263157, 1.2966101694915255, 1.374485596707819, 1.44, 1.51953125, 1.5779467680608366, 1.6394052044609666, 1.701818181818182, 1.7651245551601424, 1.8109965635738832, 1.8523489932885906]: 
Cumulative_Iterations: 2500 Apples: 552 Fails: 298 Performance_(Apples/Fails): 1.8523489932885906 
Train_Stats:[0, 100, 300, 600, 1000, 1500, 2100, 2800, 3600, 4500, 5500, 6600, 7800, 9100, 10500, 12000, 13600, 15300, 17100, 19000, 21000, 23100, 25300, 27600, 30000, 32500, 35100]:[0, 0.25, 0.16883116883116883, 0.21495327102803738, 0.2740740740740741, 0.3221476510067114, 0.40993788819875776, 0.47701149425287354, 0.5459459459459459, 0.6173469387755102, 0.7009803921568627, 0.7971014492753623, 0.8962264150943396, 0.9907407407407407, 1.1026785714285714, 1.2236842105263157, 1.2966101694915255, 1.374485596707819, 1.44, 1.51953125, 1.5779467680608366, 1.6394052044609666, 1.701818181818182, 1.7651245551601424, 1.8109965635738832, 1.8523489932885906, 1.9144736842105263]: 
Cumulative_Iterations: 2600 Apples: 582 Fails: 304 Performance_(Apples/Fails): 1.9144736842105263 
Train_Stats:[0, 100, 300, 600, 1000, 1500, 2100, 2800, 3600, 4500, 5500, 6600, 7800, 9100, 10500, 12000, 13600, 15300, 17100, 19000, 21000, 23100, 25300, 27600, 30000, 32500, 35100, 37800]:[0, 0.25, 0.16883116883116883, 0.21495327102803738, 0.2740740740740741, 0.3221476510067114, 0.40993788819875776, 0.47701149425287354, 0.5459459459459459, 0.6173469387755102, 0.7009803921568627, 0.7971014492753623, 0.8962264150943396, 0.9907407407407407, 1.1026785714285714, 1.2236842105263157, 1.2966101694915255, 1.374485596707819, 1.44, 1.51953125, 1.5779467680608366, 1.6394052044609666, 1.701818181818182, 1.7651245551601424, 1.8109965635738832, 1.8523489932885906, 1.9144736842105263, 1.9805825242718447]: 
Cumulative_Iterations: 2700 Apples: 612 Fails: 309 Performance_(Apples/Fails): 1.9805825242718447 
Train_Stats:[0, 100, 300, 600, 1000, 1500, 2100, 2800, 3600, 4500, 5500, 6600, 7800, 9100, 10500, 12000, 13600, 15300, 17100, 19000, 21000, 23100, 25300, 27600, 30000, 32500, 35100, 37800, 40600]:[0, 0.25, 0.16883116883116883, 0.21495327102803738, 0.2740740740740741, 0.3221476510067114, 0.40993788819875776, 0.47701149425287354, 0.5459459459459459, 0.6173469387755102, 0.7009803921568627, 0.7971014492753623, 0.8962264150943396, 0.9907407407407407, 1.1026785714285714, 1.2236842105263157, 1.2966101694915255, 1.374485596707819, 1.44, 1.51953125, 1.5779467680608366, 1.6394052044609666, 1.701818181818182, 1.7651245551601424, 1.8109965635738832, 1.8523489932885906, 1.9144736842105263, 1.9805825242718447, 2.0253968253968253]: 
Cumulative_Iterations: 2800 Apples: 638 Fails: 315 Performance_(Apples/Fails): 2.0253968253968253 
Train_Stats:[0, 100, 300, 600, 1000, 1500, 2100, 2800, 3600, 4500, 5500, 6600, 7800, 9100, 10500, 12000, 13600, 15300, 17100, 19000, 21000, 23100, 25300, 27600, 30000, 32500, 35100, 37800, 40600, 43500]:[0, 0.25, 0.16883116883116883, 0.21495327102803738, 0.2740740740740741, 0.3221476510067114, 0.40993788819875776, 0.47701149425287354, 0.5459459459459459, 0.6173469387755102, 0.7009803921568627, 0.7971014492753623, 0.8962264150943396, 0.9907407407407407, 1.1026785714285714, 1.2236842105263157, 1.2966101694915255, 1.374485596707819, 1.44, 1.51953125, 1.5779467680608366, 1.6394052044609666, 1.701818181818182, 1.7651245551601424, 1.8109965635738832, 1.8523489932885906, 1.9144736842105263, 1.9805825242718447, 2.0253968253968253, 2.0527950310559007]: 
Cumulative_Iterations: 2900 Apples: 661 Fails: 322 Performance_(Apples/Fails): 2.0527950310559007 
Train_Stats:[0, 100, 300, 600, 1000, 1500, 2100, 2800, 3600, 4500, 5500, 6600, 7800, 9100, 10500, 12000, 13600, 15300, 17100, 19000, 21000, 23100, 25300, 27600, 30000, 32500, 35100, 37800, 40600, 43500, 46500]:[0, 0.25, 0.16883116883116883, 0.21495327102803738, 0.2740740740740741, 0.3221476510067114, 0.40993788819875776, 0.47701149425287354, 0.5459459459459459, 0.6173469387755102, 0.7009803921568627, 0.7971014492753623, 0.8962264150943396, 0.9907407407407407, 1.1026785714285714, 1.2236842105263157, 1.2966101694915255, 1.374485596707819, 1.44, 1.51953125, 1.5779467680608366, 1.6394052044609666, 1.701818181818182, 1.7651245551601424, 1.8109965635738832, 1.8523489932885906, 1.9144736842105263, 1.9805825242718447, 2.0253968253968253, 2.0527950310559007, 2.100609756097561]: 
Cumulative_Iterations: 3000 Apples: 689 Fails: 328 Performance_(Apples/Fails): 2.100609756097561 
Train_Stats:[0, 100, 300, 600, 1000, 1500, 2100, 2800, 3600, 4500, 5500, 6600, 7800, 9100, 10500, 12000, 13600, 15300, 17100, 19000, 21000, 23100, 25300, 27600, 30000, 32500, 35100, 37800, 40600, 43500, 46500, 49600]:[0, 0.25, 0.16883116883116883, 0.21495327102803738, 0.2740740740740741, 0.3221476510067114, 0.40993788819875776, 0.47701149425287354, 0.5459459459459459, 0.6173469387755102, 0.7009803921568627, 0.7971014492753623, 0.8962264150943396, 0.9907407407407407, 1.1026785714285714, 1.2236842105263157, 1.2966101694915255, 1.374485596707819, 1.44, 1.51953125, 1.5779467680608366, 1.6394052044609666, 1.701818181818182, 1.7651245551601424, 1.8109965635738832, 1.8523489932885906, 1.9144736842105263, 1.9805825242718447, 2.0253968253968253, 2.0527950310559007, 2.100609756097561, 2.1471471471471473]: 
Cumulative_Iterations: 3100 Apples: 715 Fails: 333 Performance_(Apples/Fails): 2.1471471471471473 
Train_Stats:[0, 100, 300, 600, 1000, 1500, 2100, 2800, 3600, 4500, 5500, 6600, 7800, 9100, 10500, 12000, 13600, 15300, 17100, 19000, 21000, 23100, 25300, 27600, 30000, 32500, 35100, 37800, 40600, 43500, 46500, 49600, 52800]:[0, 0.25, 0.16883116883116883, 0.21495327102803738, 0.2740740740740741, 0.3221476510067114, 0.40993788819875776, 0.47701149425287354, 0.5459459459459459, 0.6173469387755102, 0.7009803921568627, 0.7971014492753623, 0.8962264150943396, 0.9907407407407407, 1.1026785714285714, 1.2236842105263157, 1.2966101694915255, 1.374485596707819, 1.44, 1.51953125, 1.5779467680608366, 1.6394052044609666, 1.701818181818182, 1.7651245551601424, 1.8109965635738832, 1.8523489932885906, 1.9144736842105263, 1.9805825242718447, 2.0253968253968253, 2.0527950310559007, 2.100609756097561, 2.1471471471471473, 2.185840707964602]: 
Cumulative_Iterations: 3200 Apples: 741 Fails: 339 Performance_(Apples/Fails): 2.185840707964602 
Train_Stats:[0, 100, 300, 600, 1000, 1500, 2100, 2800, 3600, 4500, 5500, 6600, 7800, 9100, 10500, 12000, 13600, 15300, 17100, 19000, 21000, 23100, 25300, 27600, 30000, 32500, 35100, 37800, 40600, 43500, 46500, 49600, 52800, 56100]:[0, 0.25, 0.16883116883116883, 0.21495327102803738, 0.2740740740740741, 0.3221476510067114, 0.40993788819875776, 0.47701149425287354, 0.5459459459459459, 0.6173469387755102, 0.7009803921568627, 0.7971014492753623, 0.8962264150943396, 0.9907407407407407, 1.1026785714285714, 1.2236842105263157, 1.2966101694915255, 1.374485596707819, 1.44, 1.51953125, 1.5779467680608366, 1.6394052044609666, 1.701818181818182, 1.7651245551601424, 1.8109965635738832, 1.8523489932885906, 1.9144736842105263, 1.9805825242718447, 2.0253968253968253, 2.0527950310559007, 2.100609756097561, 2.1471471471471473, 2.185840707964602, 2.2283236994219653]: 
Cumulative_Iterations: 3300 Apples: 771 Fails: 346 Performance_(Apples/Fails): 2.2283236994219653 
Train_Stats:[0, 100, 300, 600, 1000, 1500, 2100, 2800, 3600, 4500, 5500, 6600, 7800, 9100, 10500, 12000, 13600, 15300, 17100, 19000, 21000, 23100, 25300, 27600, 30000, 32500, 35100, 37800, 40600, 43500, 46500, 49600, 52800, 56100, 59500]:[0, 0.25, 0.16883116883116883, 0.21495327102803738, 0.2740740740740741, 0.3221476510067114, 0.40993788819875776, 0.47701149425287354, 0.5459459459459459, 0.6173469387755102, 0.7009803921568627, 0.7971014492753623, 0.8962264150943396, 0.9907407407407407, 1.1026785714285714, 1.2236842105263157, 1.2966101694915255, 1.374485596707819, 1.44, 1.51953125, 1.5779467680608366, 1.6394052044609666, 1.701818181818182, 1.7651245551601424, 1.8109965635738832, 1.8523489932885906, 1.9144736842105263, 1.9805825242718447, 2.0253968253968253, 2.0527950310559007, 2.100609756097561, 2.1471471471471473, 2.185840707964602, 2.2283236994219653, 2.2670454545454546]: 
Cumulative_Iterations: 3400 Apples: 798 Fails: 352 Performance_(Apples/Fails): 2.2670454545454546 
Train_Stats:[0, 100, 300, 600, 1000, 1500, 2100, 2800, 3600, 4500, 5500, 6600, 7800, 9100, 10500, 12000, 13600, 15300, 17100, 19000, 21000, 23100, 25300, 27600, 30000, 32500, 35100, 37800, 40600, 43500, 46500, 49600, 52800, 56100, 59500, 63000]:[0, 0.25, 0.16883116883116883, 0.21495327102803738, 0.2740740740740741, 0.3221476510067114, 0.40993788819875776, 0.47701149425287354, 0.5459459459459459, 0.6173469387755102, 0.7009803921568627, 0.7971014492753623, 0.8962264150943396, 0.9907407407407407, 1.1026785714285714, 1.2236842105263157, 1.2966101694915255, 1.374485596707819, 1.44, 1.51953125, 1.5779467680608366, 1.6394052044609666, 1.701818181818182, 1.7651245551601424, 1.8109965635738832, 1.8523489932885906, 1.9144736842105263, 1.9805825242718447, 2.0253968253968253, 2.0527950310559007, 2.100609756097561, 2.1471471471471473, 2.185840707964602, 2.2283236994219653, 2.2670454545454546, 2.3072625698324023]: 
Cumulative_Iterations: 3500 Apples: 826 Fails: 358 Performance_(Apples/Fails): 2.3072625698324023 
Train_Stats:[0, 100, 300, 600, 1000, 1500, 2100, 2800, 3600, 4500, 5500, 6600, 7800, 9100, 10500, 12000, 13600, 15300, 17100, 19000, 21000, 23100, 25300, 27600, 30000, 32500, 35100, 37800, 40600, 43500, 46500, 49600, 52800, 56100, 59500, 63000, 66600]:[0, 0.25, 0.16883116883116883, 0.21495327102803738, 0.2740740740740741, 0.3221476510067114, 0.40993788819875776, 0.47701149425287354, 0.5459459459459459, 0.6173469387755102, 0.7009803921568627, 0.7971014492753623, 0.8962264150943396, 0.9907407407407407, 1.1026785714285714, 1.2236842105263157, 1.2966101694915255, 1.374485596707819, 1.44, 1.51953125, 1.5779467680608366, 1.6394052044609666, 1.701818181818182, 1.7651245551601424, 1.8109965635738832, 1.8523489932885906, 1.9144736842105263, 1.9805825242718447, 2.0253968253968253, 2.0527950310559007, 2.100609756097561, 2.1471471471471473, 2.185840707964602, 2.2283236994219653, 2.2670454545454546, 2.3072625698324023, 2.336986301369863]: 
Cumulative_Iterations: 3600 Apples: 853 Fails: 365 Performance_(Apples/Fails): 2.336986301369863 
Train_Stats:[0, 100, 300, 600, 1000, 1500, 2100, 2800, 3600, 4500, 5500, 6600, 7800, 9100, 10500, 12000, 13600, 15300, 17100, 19000, 21000, 23100, 25300, 27600, 30000, 32500, 35100, 37800, 40600, 43500, 46500, 49600, 52800, 56100, 59500, 63000, 66600, 70300]:[0, 0.25, 0.16883116883116883, 0.21495327102803738, 0.2740740740740741, 0.3221476510067114, 0.40993788819875776, 0.47701149425287354, 0.5459459459459459, 0.6173469387755102, 0.7009803921568627, 0.7971014492753623, 0.8962264150943396, 0.9907407407407407, 1.1026785714285714, 1.2236842105263157, 1.2966101694915255, 1.374485596707819, 1.44, 1.51953125, 1.5779467680608366, 1.6394052044609666, 1.701818181818182, 1.7651245551601424, 1.8109965635738832, 1.8523489932885906, 1.9144736842105263, 1.9805825242718447, 2.0253968253968253, 2.0527950310559007, 2.100609756097561, 2.1471471471471473, 2.185840707964602, 2.2283236994219653, 2.2670454545454546, 2.3072625698324023, 2.336986301369863, 2.3655913978494625]: 
Cumulative_Iterations: 3700 Apples: 880 Fails: 372 Performance_(Apples/Fails): 2.3655913978494625 
Train_Stats:[0, 100, 300, 600, 1000, 1500, 2100, 2800, 3600, 4500, 5500, 6600, 7800, 9100, 10500, 12000, 13600, 15300, 17100, 19000, 21000, 23100, 25300, 27600, 30000, 32500, 35100, 37800, 40600, 43500, 46500, 49600, 52800, 56100, 59500, 63000, 66600, 70300, 74100]:[0, 0.25, 0.16883116883116883, 0.21495327102803738, 0.2740740740740741, 0.3221476510067114, 0.40993788819875776, 0.47701149425287354, 0.5459459459459459, 0.6173469387755102, 0.7009803921568627, 0.7971014492753623, 0.8962264150943396, 0.9907407407407407, 1.1026785714285714, 1.2236842105263157, 1.2966101694915255, 1.374485596707819, 1.44, 1.51953125, 1.5779467680608366, 1.6394052044609666, 1.701818181818182, 1.7651245551601424, 1.8109965635738832, 1.8523489932885906, 1.9144736842105263, 1.9805825242718447, 2.0253968253968253, 2.0527950310559007, 2.100609756097561, 2.1471471471471473, 2.185840707964602, 2.2283236994219653, 2.2670454545454546, 2.3072625698324023, 2.336986301369863, 2.3655913978494625, 2.3978779840848805]: 
Cumulative_Iterations: 3800 Apples: 904 Fails: 377 Performance_(Apples/Fails): 2.3978779840848805 
Train_Stats:[0, 100, 300, 600, 1000, 1500, 2100, 2800, 3600, 4500, 5500, 6600, 7800, 9100, 10500, 12000, 13600, 15300, 17100, 19000, 21000, 23100, 25300, 27600, 30000, 32500, 35100, 37800, 40600, 43500, 46500, 49600, 52800, 56100, 59500, 63000, 66600, 70300, 74100, 78000]:[0, 0.25, 0.16883116883116883, 0.21495327102803738, 0.2740740740740741, 0.3221476510067114, 0.40993788819875776, 0.47701149425287354, 0.5459459459459459, 0.6173469387755102, 0.7009803921568627, 0.7971014492753623, 0.8962264150943396, 0.9907407407407407, 1.1026785714285714, 1.2236842105263157, 1.2966101694915255, 1.374485596707819, 1.44, 1.51953125, 1.5779467680608366, 1.6394052044609666, 1.701818181818182, 1.7651245551601424, 1.8109965635738832, 1.8523489932885906, 1.9144736842105263, 1.9805825242718447, 2.0253968253968253, 2.0527950310559007, 2.100609756097561, 2.1471471471471473, 2.185840707964602, 2.2283236994219653, 2.2670454545454546, 2.3072625698324023, 2.336986301369863, 2.3655913978494625, 2.3978779840848805, 2.4424083769633507]: 
Cumulative_Iterations: 3900 Apples: 933 Fails: 382 Performance_(Apples/Fails): 2.4424083769633507 
Train_Stats:[0, 100, 300, 600, 1000, 1500, 2100, 2800, 3600, 4500, 5500, 6600, 7800, 9100, 10500, 12000, 13600, 15300, 17100, 19000, 21000, 23100, 25300, 27600, 30000, 32500, 35100, 37800, 40600, 43500, 46500, 49600, 52800, 56100, 59500, 63000, 66600, 70300, 74100, 78000, 82000]:[0, 0.25, 0.16883116883116883, 0.21495327102803738, 0.2740740740740741, 0.3221476510067114, 0.40993788819875776, 0.47701149425287354, 0.5459459459459459, 0.6173469387755102, 0.7009803921568627, 0.7971014492753623, 0.8962264150943396, 0.9907407407407407, 1.1026785714285714, 1.2236842105263157, 1.2966101694915255, 1.374485596707819, 1.44, 1.51953125, 1.5779467680608366, 1.6394052044609666, 1.701818181818182, 1.7651245551601424, 1.8109965635738832, 1.8523489932885906, 1.9144736842105263, 1.9805825242718447, 2.0253968253968253, 2.0527950310559007, 2.100609756097561, 2.1471471471471473, 2.185840707964602, 2.2283236994219653, 2.2670454545454546, 2.3072625698324023, 2.336986301369863, 2.3655913978494625, 2.3978779840848805, 2.4424083769633507, 2.4832904884318765]: 
Cumulative_Iterations: 4000 Apples: 966 Fails: 389 Performance_(Apples/Fails): 2.4832904884318765 
Train_Stats:[0, 100, 300, 600, 1000, 1500, 2100, 2800, 3600, 4500, 5500, 6600, 7800, 9100, 10500, 12000, 13600, 15300, 17100, 19000, 21000, 23100, 25300, 27600, 30000, 32500, 35100, 37800, 40600, 43500, 46500, 49600, 52800, 56100, 59500, 63000, 66600, 70300, 74100, 78000, 82000, 86100]:[0, 0.25, 0.16883116883116883, 0.21495327102803738, 0.2740740740740741, 0.3221476510067114, 0.40993788819875776, 0.47701149425287354, 0.5459459459459459, 0.6173469387755102, 0.7009803921568627, 0.7971014492753623, 0.8962264150943396, 0.9907407407407407, 1.1026785714285714, 1.2236842105263157, 1.2966101694915255, 1.374485596707819, 1.44, 1.51953125, 1.5779467680608366, 1.6394052044609666, 1.701818181818182, 1.7651245551601424, 1.8109965635738832, 1.8523489932885906, 1.9144736842105263, 1.9805825242718447, 2.0253968253968253, 2.0527950310559007, 2.100609756097561, 2.1471471471471473, 2.185840707964602, 2.2283236994219653, 2.2670454545454546, 2.3072625698324023, 2.336986301369863, 2.3655913978494625, 2.3978779840848805, 2.4424083769633507, 2.4832904884318765, 2.535532994923858]: 
Cumulative_Iterations: 4100 Apples: 999 Fails: 394 Performance_(Apples/Fails): 2.535532994923858 
Train_Stats:[0, 100, 300, 600, 1000, 1500, 2100, 2800, 3600, 4500, 5500, 6600, 7800, 9100, 10500, 12000, 13600, 15300, 17100, 19000, 21000, 23100, 25300, 27600, 30000, 32500, 35100, 37800, 40600, 43500, 46500, 49600, 52800, 56100, 59500, 63000, 66600, 70300, 74100, 78000, 82000, 86100, 90300]:[0, 0.25, 0.16883116883116883, 0.21495327102803738, 0.2740740740740741, 0.3221476510067114, 0.40993788819875776, 0.47701149425287354, 0.5459459459459459, 0.6173469387755102, 0.7009803921568627, 0.7971014492753623, 0.8962264150943396, 0.9907407407407407, 1.1026785714285714, 1.2236842105263157, 1.2966101694915255, 1.374485596707819, 1.44, 1.51953125, 1.5779467680608366, 1.6394052044609666, 1.701818181818182, 1.7651245551601424, 1.8109965635738832, 1.8523489932885906, 1.9144736842105263, 1.9805825242718447, 2.0253968253968253, 2.0527950310559007, 2.100609756097561, 2.1471471471471473, 2.185840707964602, 2.2283236994219653, 2.2670454545454546, 2.3072625698324023, 2.336986301369863, 2.3655913978494625, 2.3978779840848805, 2.4424083769633507, 2.4832904884318765, 2.535532994923858, 2.579345088161209]: 
Cumulative_Iterations: 4200 Apples: 1024 Fails: 397 Performance_(Apples/Fails): 2.579345088161209 
Train_Stats:[0, 100, 300, 600, 1000, 1500, 2100, 2800, 3600, 4500, 5500, 6600, 7800, 9100, 10500, 12000, 13600, 15300, 17100, 19000, 21000, 23100, 25300, 27600, 30000, 32500, 35100, 37800, 40600, 43500, 46500, 49600, 52800, 56100, 59500, 63000, 66600, 70300, 74100, 78000, 82000, 86100, 90300, 94600]:[0, 0.25, 0.16883116883116883, 0.21495327102803738, 0.2740740740740741, 0.3221476510067114, 0.40993788819875776, 0.47701149425287354, 0.5459459459459459, 0.6173469387755102, 0.7009803921568627, 0.7971014492753623, 0.8962264150943396, 0.9907407407407407, 1.1026785714285714, 1.2236842105263157, 1.2966101694915255, 1.374485596707819, 1.44, 1.51953125, 1.5779467680608366, 1.6394052044609666, 1.701818181818182, 1.7651245551601424, 1.8109965635738832, 1.8523489932885906, 1.9144736842105263, 1.9805825242718447, 2.0253968253968253, 2.0527950310559007, 2.100609756097561, 2.1471471471471473, 2.185840707964602, 2.2283236994219653, 2.2670454545454546, 2.3072625698324023, 2.336986301369863, 2.3655913978494625, 2.3978779840848805, 2.4424083769633507, 2.4832904884318765, 2.535532994923858, 2.579345088161209, 2.603448275862069]: 
Cumulative_Iterations: 4300 Apples: 1057 Fails: 406 Performance_(Apples/Fails): 2.603448275862069 
Train_Stats:[0, 100, 300, 600, 1000, 1500, 2100, 2800, 3600, 4500, 5500, 6600, 7800, 9100, 10500, 12000, 13600, 15300, 17100, 19000, 21000, 23100, 25300, 27600, 30000, 32500, 35100, 37800, 40600, 43500, 46500, 49600, 52800, 56100, 59500, 63000, 66600, 70300, 74100, 78000, 82000, 86100, 90300, 94600, 99000]:[0, 0.25, 0.16883116883116883, 0.21495327102803738, 0.2740740740740741, 0.3221476510067114, 0.40993788819875776, 0.47701149425287354, 0.5459459459459459, 0.6173469387755102, 0.7009803921568627, 0.7971014492753623, 0.8962264150943396, 0.9907407407407407, 1.1026785714285714, 1.2236842105263157, 1.2966101694915255, 1.374485596707819, 1.44, 1.51953125, 1.5779467680608366, 1.6394052044609666, 1.701818181818182, 1.7651245551601424, 1.8109965635738832, 1.8523489932885906, 1.9144736842105263, 1.9805825242718447, 2.0253968253968253, 2.0527950310559007, 2.100609756097561, 2.1471471471471473, 2.185840707964602, 2.2283236994219653, 2.2670454545454546, 2.3072625698324023, 2.336986301369863, 2.3655913978494625, 2.3978779840848805, 2.4424083769633507, 2.4832904884318765, 2.535532994923858, 2.579345088161209, 2.603448275862069, 2.6359223300970873]: 
Cumulative_Iterations: 4400 Apples: 1086 Fails: 412 Performance_(Apples/Fails): 2.6359223300970873 
Train_Stats:[0, 100, 300, 600, 1000, 1500, 2100, 2800, 3600, 4500, 5500, 6600, 7800, 9100, 10500, 12000, 13600, 15300, 17100, 19000, 21000, 23100, 25300, 27600, 30000, 32500, 35100, 37800, 40600, 43500, 46500, 49600, 52800, 56100, 59500, 63000, 66600, 70300, 74100, 78000, 82000, 86100, 90300, 94600, 99000, 103500]:[0, 0.25, 0.16883116883116883, 0.21495327102803738, 0.2740740740740741, 0.3221476510067114, 0.40993788819875776, 0.47701149425287354, 0.5459459459459459, 0.6173469387755102, 0.7009803921568627, 0.7971014492753623, 0.8962264150943396, 0.9907407407407407, 1.1026785714285714, 1.2236842105263157, 1.2966101694915255, 1.374485596707819, 1.44, 1.51953125, 1.5779467680608366, 1.6394052044609666, 1.701818181818182, 1.7651245551601424, 1.8109965635738832, 1.8523489932885906, 1.9144736842105263, 1.9805825242718447, 2.0253968253968253, 2.0527950310559007, 2.100609756097561, 2.1471471471471473, 2.185840707964602, 2.2283236994219653, 2.2670454545454546, 2.3072625698324023, 2.336986301369863, 2.3655913978494625, 2.3978779840848805, 2.4424083769633507, 2.4832904884318765, 2.535532994923858, 2.579345088161209, 2.603448275862069, 2.6359223300970873, 2.6690647482014387]: 
Cumulative_Iterations: 4500 Apples: 1113 Fails: 417 Performance_(Apples/Fails): 2.6690647482014387 
Train_Stats:[0, 100, 300, 600, 1000, 1500, 2100, 2800, 3600, 4500, 5500, 6600, 7800, 9100, 10500, 12000, 13600, 15300, 17100, 19000, 21000, 23100, 25300, 27600, 30000, 32500, 35100, 37800, 40600, 43500, 46500, 49600, 52800, 56100, 59500, 63000, 66600, 70300, 74100, 78000, 82000, 86100, 90300, 94600, 99000, 103500, 108100]:[0, 0.25, 0.16883116883116883, 0.21495327102803738, 0.2740740740740741, 0.3221476510067114, 0.40993788819875776, 0.47701149425287354, 0.5459459459459459, 0.6173469387755102, 0.7009803921568627, 0.7971014492753623, 0.8962264150943396, 0.9907407407407407, 1.1026785714285714, 1.2236842105263157, 1.2966101694915255, 1.374485596707819, 1.44, 1.51953125, 1.5779467680608366, 1.6394052044609666, 1.701818181818182, 1.7651245551601424, 1.8109965635738832, 1.8523489932885906, 1.9144736842105263, 1.9805825242718447, 2.0253968253968253, 2.0527950310559007, 2.100609756097561, 2.1471471471471473, 2.185840707964602, 2.2283236994219653, 2.2670454545454546, 2.3072625698324023, 2.336986301369863, 2.3655913978494625, 2.3978779840848805, 2.4424083769633507, 2.4832904884318765, 2.535532994923858, 2.579345088161209, 2.603448275862069, 2.6359223300970873, 2.6690647482014387, 2.7071428571428573]: 
Cumulative_Iterations: 4600 Apples: 1137 Fails: 420 Performance_(Apples/Fails): 2.7071428571428573 
Train_Stats:[0, 100, 300, 600, 1000, 1500, 2100, 2800, 3600, 4500, 5500, 6600, 7800, 9100, 10500, 12000, 13600, 15300, 17100, 19000, 21000, 23100, 25300, 27600, 30000, 32500, 35100, 37800, 40600, 43500, 46500, 49600, 52800, 56100, 59500, 63000, 66600, 70300, 74100, 78000, 82000, 86100, 90300, 94600, 99000, 103500, 108100, 112800]:[0, 0.25, 0.16883116883116883, 0.21495327102803738, 0.2740740740740741, 0.3221476510067114, 0.40993788819875776, 0.47701149425287354, 0.5459459459459459, 0.6173469387755102, 0.7009803921568627, 0.7971014492753623, 0.8962264150943396, 0.9907407407407407, 1.1026785714285714, 1.2236842105263157, 1.2966101694915255, 1.374485596707819, 1.44, 1.51953125, 1.5779467680608366, 1.6394052044609666, 1.701818181818182, 1.7651245551601424, 1.8109965635738832, 1.8523489932885906, 1.9144736842105263, 1.9805825242718447, 2.0253968253968253, 2.0527950310559007, 2.100609756097561, 2.1471471471471473, 2.185840707964602, 2.2283236994219653, 2.2670454545454546, 2.3072625698324023, 2.336986301369863, 2.3655913978494625, 2.3978779840848805, 2.4424083769633507, 2.4832904884318765, 2.535532994923858, 2.579345088161209, 2.603448275862069, 2.6359223300970873, 2.6690647482014387, 2.7071428571428573, 2.732394366197183]: 
Cumulative_Iterations: 4700 Apples: 1164 Fails: 426 Performance_(Apples/Fails): 2.732394366197183 
Train_Stats:[0, 100, 300, 600, 1000, 1500, 2100, 2800, 3600, 4500, 5500, 6600, 7800, 9100, 10500, 12000, 13600, 15300, 17100, 19000, 21000, 23100, 25300, 27600, 30000, 32500, 35100, 37800, 40600, 43500, 46500, 49600, 52800, 56100, 59500, 63000, 66600, 70300, 74100, 78000, 82000, 86100, 90300, 94600, 99000, 103500, 108100, 112800, 117600]:[0, 0.25, 0.16883116883116883, 0.21495327102803738, 0.2740740740740741, 0.3221476510067114, 0.40993788819875776, 0.47701149425287354, 0.5459459459459459, 0.6173469387755102, 0.7009803921568627, 0.7971014492753623, 0.8962264150943396, 0.9907407407407407, 1.1026785714285714, 1.2236842105263157, 1.2966101694915255, 1.374485596707819, 1.44, 1.51953125, 1.5779467680608366, 1.6394052044609666, 1.701818181818182, 1.7651245551601424, 1.8109965635738832, 1.8523489932885906, 1.9144736842105263, 1.9805825242718447, 2.0253968253968253, 2.0527950310559007, 2.100609756097561, 2.1471471471471473, 2.185840707964602, 2.2283236994219653, 2.2670454545454546, 2.3072625698324023, 2.336986301369863, 2.3655913978494625, 2.3978779840848805, 2.4424083769633507, 2.4832904884318765, 2.535532994923858, 2.579345088161209, 2.603448275862069, 2.6359223300970873, 2.6690647482014387, 2.7071428571428573, 2.732394366197183, 2.735632183908046]: 
Cumulative_Iterations: 4800 Apples: 1190 Fails: 435 Performance_(Apples/Fails): 2.735632183908046 
Train_Stats:[0, 100, 300, 600, 1000, 1500, 2100, 2800, 3600, 4500, 5500, 6600, 7800, 9100, 10500, 12000, 13600, 15300, 17100, 19000, 21000, 23100, 25300, 27600, 30000, 32500, 35100, 37800, 40600, 43500, 46500, 49600, 52800, 56100, 59500, 63000, 66600, 70300, 74100, 78000, 82000, 86100, 90300, 94600, 99000, 103500, 108100, 112800, 117600, 122500]:[0, 0.25, 0.16883116883116883, 0.21495327102803738, 0.2740740740740741, 0.3221476510067114, 0.40993788819875776, 0.47701149425287354, 0.5459459459459459, 0.6173469387755102, 0.7009803921568627, 0.7971014492753623, 0.8962264150943396, 0.9907407407407407, 1.1026785714285714, 1.2236842105263157, 1.2966101694915255, 1.374485596707819, 1.44, 1.51953125, 1.5779467680608366, 1.6394052044609666, 1.701818181818182, 1.7651245551601424, 1.8109965635738832, 1.8523489932885906, 1.9144736842105263, 1.9805825242718447, 2.0253968253968253, 2.0527950310559007, 2.100609756097561, 2.1471471471471473, 2.185840707964602, 2.2283236994219653, 2.2670454545454546, 2.3072625698324023, 2.336986301369863, 2.3655913978494625, 2.3978779840848805, 2.4424083769633507, 2.4832904884318765, 2.535532994923858, 2.579345088161209, 2.603448275862069, 2.6359223300970873, 2.6690647482014387, 2.7071428571428573, 2.732394366197183, 2.735632183908046, 2.7551020408163267]: 
Cumulative_Iterations: 4900 Apples: 1215 Fails: 441 Performance_(Apples/Fails): 2.7551020408163267 
